model_name,sent_acc
Gemini,0.6
